6.935199499130249023e-01 6.935199499130249023e-01 1.379497200250625610e-01 1.379497051239013672e-01 5.225542187690734863e-01 -1.352993845939636230e+00 5.972499847412109375e-01
6.935199499130249023e-01 6.935199499130249023e-01 1.379497200250625610e-01 1.379497051239013672e-01 5.733675956726074219e-01 -1.331946253776550293e+00 5.972499847412109375e-01
6.935199499130249023e-01 6.935199499130249023e-01 1.379497200250625610e-01 1.379497051239013672e-01 5.872257351875305176e-01 -1.326206088066101074e+00 5.972499847412109375e-01
5.879378318786621094e-01 5.879378318786621094e-01 3.928475379943847656e-01 3.928475081920623779e-01 1.326206088066101074e+00 -5.872257351875305176e-01 5.972499847412109375e-01
5.879378318786621094e-01 5.879378318786621094e-01 3.928475379943847656e-01 3.928475081920623779e-01 1.347253680229187012e+00 -5.364123582839965820e-01 5.972499847412109375e-01
5.879378318786621094e-01 5.879378318786621094e-01 3.928475379943847656e-01 3.928475081920623779e-01 1.352993845939636230e+00 -5.225542187690734863e-01 5.972499847412109375e-01
3.928474783897399902e-01 3.928475081920623779e-01 5.879378318786621094e-01 5.879377722740173340e-01 1.352993845939636230e+00 5.225542187690734863e-01 5.972499847412109375e-01
3.928474783897399902e-01 3.928475081920623779e-01 5.879378318786621094e-01 5.879377722740173340e-01 1.331946253776550293e+00 5.733675956726074219e-01 5.972499847412109375e-01
3.928474783897399902e-01 3.928475081920623779e-01 5.879378318786621094e-01 5.879377722740173340e-01 1.326206088066101074e+00 5.872257351875305176e-01 5.972499847412109375e-01
1.379497051239013672e-01 1.379497200250625610e-01 6.935199499130249023e-01 6.935198903083801270e-01 5.872257351875305176e-01 1.326206088066101074e+00 5.972499847412109375e-01
1.379497051239013672e-01 1.379497200250625610e-01 6.935199499130249023e-01 6.935198903083801270e-01 5.364123582839965820e-01 1.347253680229187012e+00 5.972499847412109375e-01
1.379497051239013672e-01 1.379497200250625610e-01 6.935199499130249023e-01 6.935198903083801270e-01 5.225542187690734863e-01 1.352993845939636230e+00 5.972499847412109375e-01
1.379497051239013672e-01 1.379497200250625610e-01 -6.935199499130249023e-01 -6.935198903083801270e-01 -5.225542187690734863e-01 1.352993845939636230e+00 5.972499847412109375e-01
1.379497051239013672e-01 1.379497200250625610e-01 -6.935199499130249023e-01 -6.935198903083801270e-01 -5.733675956726074219e-01 1.331946253776550293e+00 5.972499847412109375e-01
1.379497051239013672e-01 1.379497200250625610e-01 -6.935199499130249023e-01 -6.935198903083801270e-01 -5.872257351875305176e-01 1.326206088066101074e+00 5.972499847412109375e-01
3.928474783897399902e-01 3.928475081920623779e-01 -5.879378318786621094e-01 -5.879377722740173340e-01 -1.326206088066101074e+00 5.872257351875305176e-01 5.972499847412109375e-01
3.928474783897399902e-01 3.928475081920623779e-01 -5.879378318786621094e-01 -5.879377722740173340e-01 -1.347253680229187012e+00 5.364123582839965820e-01 5.972499847412109375e-01
3.928474783897399902e-01 3.928475081920623779e-01 -5.879378318786621094e-01 -5.879377722740173340e-01 -1.352993845939636230e+00 5.225542187690734863e-01 5.972499847412109375e-01
5.879378318786621094e-01 5.879378318786621094e-01 -3.928475379943847656e-01 -3.928475081920623779e-01 -1.352993845939636230e+00 -5.225542187690734863e-01 5.972499847412109375e-01
5.879378318786621094e-01 5.879378318786621094e-01 -3.928475379943847656e-01 -3.928475081920623779e-01 -1.331946253776550293e+00 -5.733675956726074219e-01 5.972499847412109375e-01
5.879378318786621094e-01 5.879378318786621094e-01 -3.928475379943847656e-01 -3.928475081920623779e-01 -1.326206088066101074e+00 -5.872257351875305176e-01 5.972499847412109375e-01
6.935199499130249023e-01 6.935199499130249023e-01 -1.379497200250625610e-01 -1.379497051239013672e-01 -5.872257351875305176e-01 -1.326206088066101074e+00 5.972499847412109375e-01
6.935199499130249023e-01 6.935199499130249023e-01 -1.379497200250625610e-01 -1.379497051239013672e-01 -5.364123582839965820e-01 -1.347253680229187012e+00 5.972499847412109375e-01
6.935199499130249023e-01 6.935199499130249023e-01 -1.379497200250625610e-01 -1.379497051239013672e-01 -5.225542187690734863e-01 -1.352993845939636230e+00 5.972499847412109375e-01
7.513251304626464844e-01 6.304366588592529297e-01 1.254016458988189697e-01 1.494478583335876465e-01 5.225542187690734863e-01 -1.352993845939636230e+00 1.741750001907348633e+00
7.513251304626464844e-01 6.304366588592529297e-01 1.254016458988189697e-01 1.494478583335876465e-01 5.733675956726074219e-01 -1.331946253776550293e+00 1.741750001907348633e+00
7.513251304626464844e-01 6.304366588592529297e-01 1.254016458988189697e-01 1.494478583335876465e-01 5.872257351875305176e-01 -1.326206088066101074e+00 1.741750001907348633e+00
6.369426250457763672e-01 5.344584584236145020e-01 3.571137189865112305e-01 4.255914688110351562e-01 1.326206088066101074e+00 -5.872257351875305176e-01 1.741750001907348633e+00
6.369426250457763672e-01 5.344584584236145020e-01 3.571137189865112305e-01 4.255914688110351562e-01 1.347253680229187012e+00 -5.364123582839965820e-01 1.741750001907348633e+00
6.369426250457763672e-01 5.344584584236145020e-01 3.571137189865112305e-01 4.255914688110351562e-01 1.352993845939636230e+00 -5.225542187690734863e-01 1.741750001907348633e+00
4.255914986133575439e-01 3.571137487888336182e-01 5.344583988189697266e-01 6.369426846504211426e-01 1.352993845939636230e+00 5.225542187690734863e-01 1.741750001907348633e+00
4.255914986133575439e-01 3.571137487888336182e-01 5.344583988189697266e-01 6.369426846504211426e-01 1.331946253776550293e+00 5.733675956726074219e-01 1.741750001907348633e+00
4.255914986133575439e-01 3.571137487888336182e-01 5.344583988189697266e-01 6.369426846504211426e-01 1.326206088066101074e+00 5.872257351875305176e-01 1.741750001907348633e+00
1.494478583335876465e-01 1.254018545150756836e-01 6.304365992546081543e-01 7.513250708580017090e-01 5.872257351875305176e-01 1.326206088066101074e+00 1.741750001907348633e+00
1.494478583335876465e-01 1.254018545150756836e-01 6.304365992546081543e-01 7.513250708580017090e-01 5.364123582839965820e-01 1.347253680229187012e+00 1.741750001907348633e+00
1.494478583335876465e-01 1.254018545150756836e-01 6.304365992546081543e-01 7.513250708580017090e-01 5.225542187690734863e-01 1.352993845939636230e+00 1.741750001907348633e+00
1.494478583335876465e-01 1.254018545150756836e-01 -6.304365992546081543e-01 -7.513250708580017090e-01 -5.225542187690734863e-01 1.352993845939636230e+00 1.741750001907348633e+00
1.494478583335876465e-01 1.254018545150756836e-01 -6.304365992546081543e-01 -7.513250708580017090e-01 -5.733675956726074219e-01 1.331946253776550293e+00 1.741750001907348633e+00
1.494478583335876465e-01 1.254018545150756836e-01 -6.304365992546081543e-01 -7.513250708580017090e-01 -5.872257351875305176e-01 1.326206088066101074e+00 1.741750001907348633e+00
4.255914986133575439e-01 3.571137487888336182e-01 -5.344583988189697266e-01 -6.369426846504211426e-01 -1.326206088066101074e+00 5.872257351875305176e-01 1.741750001907348633e+00
4.255914986133575439e-01 3.571137487888336182e-01 -5.344583988189697266e-01 -6.369426846504211426e-01 -1.347253680229187012e+00 5.364123582839965820e-01 1.741750001907348633e+00
4.255914986133575439e-01 3.571137487888336182e-01 -5.344583988189697266e-01 -6.369426846504211426e-01 -1.352993845939636230e+00 5.225542187690734863e-01 1.741750001907348633e+00
6.369426250457763672e-01 5.344584584236145020e-01 -3.571137189865112305e-01 -4.255914688110351562e-01 -1.352993845939636230e+00 -5.225542187690734863e-01 1.741750001907348633e+00
6.369426250457763672e-01 5.344584584236145020e-01 -3.571137189865112305e-01 -4.255914688110351562e-01 -1.331946253776550293e+00 -5.733675956726074219e-01 1.741750001907348633e+00
6.369426250457763672e-01 5.344584584236145020e-01 -3.571137189865112305e-01 -4.255914688110351562e-01 -1.326206088066101074e+00 -5.872257351875305176e-01 1.741750001907348633e+00
7.513251304626464844e-01 6.304366588592529297e-01 -1.254016458988189697e-01 -1.494478583335876465e-01 -5.872257351875305176e-01 -1.326206088066101074e+00 1.741750001907348633e+00
7.513251304626464844e-01 6.304366588592529297e-01 -1.254016458988189697e-01 -1.494478583335876465e-01 -5.364123582839965820e-01 -1.347253680229187012e+00 1.741750001907348633e+00
7.513251304626464844e-01 6.304366588592529297e-01 -1.254016458988189697e-01 -1.494478583335876465e-01 -5.225542187690734863e-01 -1.352993845939636230e+00 1.741750001907348633e+00
